21.51712000910669
21.308579234306233
21.100330768011172
20.904754026367424
20.732195087498166
20.591094316651393
20.48811399134753
20.42826592652698
20.415039099697722
20.450527276082887
20.535556633768334
20.669813388850226
20.851971420582622
21.079819896525045
21.350390897690062
21.660087043690872
22.004809117888872
22.380083692541252
22.781190753948557
23.20329132760229
23.64155510333246
24.091288060455188
24.54806009292028
25.00783263445879
25.467086283730623
26.083738764191658
26.423833350306317
26.74093331894643
27.05697768557988
27.362706416761995
27.7194058314717
28.080233590662928
28.45831678463649
28.873906510800055
29.379705789637686
30.013282555931376
30.798935252406444
31.721258360668493
32.828460754044514
34.161188335543784
35.68129180541785
37.40322559510451
39.244514265642024
41.149162572466054
43.10944815980754
45.02276729648092
46.920439223706374
48.691647940231576
50.21271948075768
51.412450354483155
52.32102973364831
52.87419000746831
53.12060252836704
52.99776468346933
52.553217756219205
51.77250731517874
50.680599392956275
49.2639815000035
47.57162155019922
45.584538303995245
43.41529969617231
41.08345265398756
38.644708924931734
36.11257054704808
33.55183031924853
31.10617683893871
28.77360603003168
26.629711015435834
24.65025606145596
22.757205005886014
21.153842234174043
19.901329953676882
18.960553406870098
18.238460231715152
17.803233434063714
17.60645902980288
17.636765781474665
17.845081260150113
18.143205214994605
18.553452915656585
19.018965561969814
19.505733956610428
19.890115488794574
20.21060697081257
20.447010869219934
20.651303824902087
20.826366533929228
20.96966058702045
21.155193091197912
21.33509745992397
21.614826765939327
21.960228103726152
22.370789349538637
22.852345056052258
23.41806411958788
24.068211747085268
24.769490749999875
25.447784280506827
26.053795202319336
26.6643891090816
27.265884980726955
27.965867997019476
28.48079535905091
28.929660064310866
29.310413617816128
29.68324101120446
29.91050637491296
30.160737614457194
30.255387750325127
30.281294418384856
30.24218358017479
30.18164062449019
30.105942986531588
30.114434834357525
30.169144543804762
30.21370453544283
30.372992004085656
30.766201138694452
31.28162756009049
31.945490175045904
32.718582775367366
33.757498954279654
34.996535325496254
36.447869198799545
38.05847747636436
39.674981709196615
41.36919549470314
43.04230115939059
44.69570312424556
46.259079744202396
47.5645942195147
48.56580398120341
49.33443640175887
49.81679164840616
50.017200563536434
49.87536449539491
49.36764344607229
48.57755147284137
47.4507472818068
46.09693640181286
44.48840797374632
42.69120375136861
40.70686402523151
38.622857440818514
36.51781850899788
34.35936324147581
32.120978782901595
29.898913042972616
27.838235524194754
25.93651233233728
24.189361673922026
22.53796117227774
21.183400396798994
20.05727686002878
19.181630173170717
18.463087896845114
18.06396451683518
17.78108146918115
17.697195077042146
17.8023881685956
18.03312996416031
18.39849367652875
18.776464516823395
19.08785012509575
19.369104044405386
19.696881531858047
20.04975961504606
20.290510033102198
20.505999163533335
20.67529786754385
20.956091920632737
21.21969847372192
21.528396738766865
21.91182718399449
22.220283757985932
22.453601849537158
22.563201556893155
22.584570965337594
22.52886705647565
22.38309860957175
22.261415655978475
22.160612196532014
22.118471728305302
22.168567098287756
22.20691758950786
22.405298912665064
22.417276337414048
22.275194658904752
22.14843096743532
22.09931803892446
22.182817725377905
22.397671926879312
22.809428563578066
23.400011757548057
23.300849184389183
23.83247151924645
24.90339673871003
26.400811297631307
28.169344428872417
30.13347225074568
32.245481029974314
34.13715640619658
36.13544497221637
38.15403558673079
40.16750104447271
42.11750496375413
43.91314929900803
45.504200197810526
46.85275135790471
47.883625103706585
48.52889579767549
48.7511326810328
48.59230377217247
48.04822063045912
47.18133622411911
45.945682221213445
44.329895222912874
42.38044131408282
40.180225751828935
37.796409907387535
35.30854671763018
32.787226953876754
30.23705842340142
27.622053981555993
24.953873588624518
22.40316157988841
20.0368872801793
17.874195233811246
15.97988738476308
14.463764631862379
13.385827758971006
12.727355507728035
12.486897731812437
12.554392244771224
12.947234270266303
13.280087269842666
13.803834395669972
14.55225883127608
15.428627978418476
16.334897574975063
17.135441053222408
17.78583298464955
18.07964961298909
17.92091868698847
18.58697350512102
19.228332723337598
19.785346989632508
20.2420032918823
20.576472355421778
20.761163513445396
20.76277957740858
21.016184155163472
21.249831469122732
21.470379127981886
21.68747517730932
21.892770171034933
22.052769648456977
22.210250313170047
22.333500992515795
22.43901938716285
22.591841293514793
22.811747491253563
23.101856448188464
23.441549957798134
23.78894753304312
24.181938492484655
24.690013586539646
25.158554556431405
25.74795542389638
26.3337779573313
26.813993258326526
27.207431019607498
27.5474707353208
27.83268054927918
28.128526076030035
28.381657608216376
28.619185043413015
28.92442516673563
29.30892297191309
29.844033496569605
30.490747804669088
31.40745714829913
32.451153584318355
33.602614182125045
34.84023829372628
36.16237066201501
37.62401102570274
39.113871759373254
40.628345787357716
42.04317777939067
43.436427413564424
44.64312029606909
45.728769073224626
46.586036788511066
47.21506584368429
47.572279995015975
47.6405505322221
47.457276859566235
47.02008125965713
46.33613346493613
45.421967756339434
44.253792589134996
42.840167745931375
41.242608172379704
39.50903009966646
37.571511809565386
35.53987771679032
33.37807666122482
31.205206155408703
29.070905622418042
27.004205423874406
25.036696540128432
23.225700250443357
21.646626776389827
20.399738712029684
19.465826191142515
18.721424278529724
18.326007263486275
18.05359270454443
17.917758413158808
17.928492108810833
18.028920620514846
18.171690791917136
18.28980978229977
18.376488032716388
18.510818613817815
18.688228992159324
18.906167694078732
19.21461773587956
19.594789924418304
20.090064537704254
20.52885007281391
21.050543477905443
21.549014945288338
22.05202497872467
22.598893446524794
23.01224393773854
23.475872700272507
23.886512332372586
24.21867945193219
24.498867317730113
24.735160168896677
24.910213732856914
25.054572533021684
25.197637959440673
25.318654629589126
25.4626071274964
25.670419627492898
25.930417798475144
26.3016657081679
26.7356017449499
27.272674539673286
27.888209395432156
28.753358851939318
29.60475412784471
30.695430078913283
31.87408418633489
33.13008073731702
34.41776233219496
35.7942647360179
37.1652879383359
38.535199361807756
39.86384301772176
41.19422031703037
42.37945495329791
43.436494041908766
44.34290995953557
45.06206756821899
45.493104618796906
45.644860471637045
45.456048807760546
44.91711303226787
44.06969586045934
42.98273803230037
41.65826452688789
40.16111909422081
38.48908340235936
36.69518969419567
34.83815844422702
32.9823434881547
31.148169679657254
29.434445547161143
27.71171483021702
26.142903427651593
24.758647313544596
23.562631949852484
22.62247204184168
21.93233303683668
21.390461694872666
21.053970265112522
20.899365070717195
20.849529681922093
20.887847512189037
21.036116481668163
21.23134014387223
21.447711120039145
21.745716189014043
22.02698055982868
22.336005434405383
22.586767087829227
22.65088274089255
22.768941962234166
22.872489458307385
22.961137769786028
23.035252852541834
23.095837203660036
23.144412987454775
23.18290516148467
23.2135246025684
23.238651232799903
23.2607171455643
23.28208973155318
23.304954804779825
23.331199728595443
23.362296541703905
23.399185084177645
23.442156123473225
23.490734480446548
23.54356215536867
23.598281453941134
23.651418113311202
23.69826442808821
23.73276237635801
23.747386745699444
23.733028259198896
