76.07031731124998
66.955860846516
59.49726213852769
53.46089659209292
48.635266415021164
44.830071536359696
41.875280524629886
39.62020150606339
37.932553082838396
36.69753525131593
35.816900320275984
35.20802382915387
34.80297546627641
34.54758998709808
34.40053813243752
34.33239754671342
34.32472369618108
34.36912078716847
34.466312684312484
34.6252138287952
34.86200015658022
35.19918001664875
35.66466508923594
36.290841304067136
37.113639758594005
39.008885085043914
40.575487300736654
42.75815086675347
45.162079326161155
47.847191157219584
50.66376593769052
53.63352973362707
57.217114338499826
61.01858538776683
65.81820521419091
71.31706469361326
77.59102999451085
83.65553276405734
91.43569058165188
100.15191784948149
109.7278715491527
120.53762802890347
131.6393982523784
142.59995427226033
154.41137776704423
166.23024273339988
177.9023829401425
188.86893159171305
199.69167014713204
209.4631688927862
218.48486360417192
226.31742788079507
232.60066366664165
236.9864940386406
239.45573525933406
240.03859479109622
238.68233172673712
235.15671508800008
229.9078111896767
223.10632576964053
214.52215718700901
204.4535927013927
193.12039741521255
180.80194920262767
168.02948369280978
154.8931385843359
141.7020720084717
128.06089699825068
114.52817986846279
101.45941941717875
89.44345735634528
78.65245087659484
68.88530256990401
60.91382472722966
53.76773620310324
48.406678510886415
44.223970526007506
40.57749007038373
37.88047005579739
35.866482022804824
34.749617213041226
33.85768446849118
32.982350020345514
32.82720134768932
32.19436010606123
31.497822167109817
30.33940870559099
30.168500469807903
29.59246315794473
29.13826949156443
28.859408966903562
28.049167798439015
27.252351588168256
27.271920724873667
27.216594376630557
27.419540394603835
28.04124555763697
28.846358956452903
29.69227503085344
31.128972877819223
32.869341815917
35.28652017080937
37.248544627298074
39.3865606703222
41.79714151267287
44.121183893486496
46.876488032236004
49.85899482566396
53.08977189500746
56.743358067604674
60.74674827447696
65.33257995291135
70.8248079524007
76.99153689251413
83.88464281840125
91.37703804193708
99.04154081145664
107.89252063990268
117.28610602854019
126.54205424117669
136.90294601566737
147.71567594859528
158.98136496387332
170.15239731109264
180.94460702035852
190.93672135965443
200.6061742232033
209.47625156419028
217.2106801280226
224.24988241678292
229.50871263199457
233.66250783468308
236.46227659508682
237.39810566070594
236.73633204031526
234.37630382129106
230.23621315455443
224.8336277135918
218.07134980818722
210.02897156835618
201.00498013874238
191.32726927979195
181.20258543798968
170.7518002688518
160.16082253073625
149.59649482397492
138.76181150476003
128.57714516922982
118.96253396537902
110.00227973267094
101.81178407018409
93.58233303562425
86.38821331375597
79.86493650575596
73.78390206814981
68.62794340393941
63.74942516614575
59.4395119137103
55.864161788352774
52.33692385990075
49.44299357148819
46.694400605397526
43.913349184039866
41.18011470457102
38.17616664860173
35.225791700909184
32.84509824359159
30.251166648735826
27.964628187236123
26.85405126417803
25.82374712539954
25.11171091094675
24.565551839049725
24.306894073585983
24.341513377515312
24.939466188960175
25.74522627464903
26.993960336082928
29.319599184287956
31.63367213575402
34.33216842542427
36.62127665072013
39.25213994499012
42.64786266650478
46.0809913244736
49.08678276464027
51.96879180514341
54.6094259501657
57.05655701199722
59.72710205793873
62.64614208715365
65.78532739228457
69.37606082658854
73.53961773496316
78.42349759483064
84.01116351237859
90.3321527472219
97.46288147828896
105.91855272605615
114.98702053526787
124.62729540968719
134.95468619128553
145.88456573750588
157.2763482414942
168.60970944531624
180.2027017110068
191.31418138264166
202.0692438302023
211.77861099140927
220.7390886250369
228.1037520864505
234.0422266891925
238.22239626479018
240.60327001056876
241.1939720904076
239.83357023006212
236.67088471590074
231.72960910979623
224.79923311701984
216.21291152435504
206.07842678372307
194.81144700757525
182.4987458163115
169.54779734244988
156.25327393130317
143.16880748085532
130.45632054545152
118.46608225133984
106.85165002954632
96.09441758825675
86.36791257169901
78.38574153295448
71.8473975740351
65.8115162509768
60.55878448894202
56.17199780423374
52.51990750329231
49.4200747274251
46.93961512253403
44.778335335781335
42.907152748020394
41.290267035255106
39.8090222610327
38.438843017744844
37.19204509761542
36.12525344838598
35.29933110308224
34.94692072474374
33.67611700402943
32.39383883724506
31.18563832514174
30.145198839373386
28.96047632685162
27.32872073532404
27.316125365341037
26.182335649641185
24.9646281872872
24.34050480728109
24.182807273839003
24.094309155111493
24.059928929359664
24.37012175962208
24.68073918227576
25.35325433694679
26.56481108859869
28.355639892916432
30.89922658810779
34.318571017398085
38.76741090026633
44.259691157280905
50.920956573138625
58.79226849817325
68.0141212885697
78.24830293555434
89.34437578235723
101.24526677295917
113.36032216573138
126.02062081727352
139.49120897549102
153.02144125996148
165.95399377855568
179.4754481052504
192.28027670035158
205.15200537906384
217.32193901180102
228.2368951152952
238.141731549074
246.81269726799061
254.0441393142728
259.76635268165063
263.5332174913691
265.4198944353166
265.44524194785737
263.55357832957765
259.8631897949405
254.4294392724565
247.3266291241645
238.42444345332794
228.3991913109384
217.38435017400045
205.63364861692438
193.3036345076007
180.80913069301232
168.9492069891992
155.8131741194379
143.24628318110504
131.79788879375667
120.76911318775579
110.16007132965757
100.03341868559802
90.5560566456245
81.39420986484305
73.20617161247328
65.70512515566044
58.976849915389764
53.03644178421946
47.82883831440802
43.43596754734198
39.83953542992801
37.05635712729962
34.85169444966141
33.26179582928701
31.877260137420834
30.666896163779096
29.49183606764512
28.153869669256387
27.207619146697148
26.58137149829636
25.799653793460138
24.86675637499772
24.588768551005813
23.56155283195969
23.15872439342138
22.37422397537449
21.686704378814262
21.37294235958886
21.309829640108354
21.371780936093973
21.71615541351296
22.26438127052719
23.369194188568812
24.947212060615836
26.828101483661115
29.215596257868413
32.21930392922247
35.32421744296613
38.86600909215389
42.70326609459753
47.30825146241282
51.58351274996609
55.4637228251514
58.17582436147672
60.606636704663
62.88522810303577
64.20108695543814
65.42857963936379
66.09688806326538
66.79562735046089
67.38477868824351
68.37148959959808
69.80837688009225
71.85164480438897
74.5736909477378
78.62953987116452
83.91498745677785
90.2865149441288
97.64440844316877
105.65667720348533
114.49657713017582
123.87159933946597
134.22432064991014
144.79016121202295
155.52425010189197
165.96745270414036
177.4202706909871
188.5852176494105
200.20493571986623
211.95173233338002
223.08384980810806
233.6701021595175
242.9281785598624
250.70611673907834
256.9006114087055
261.3180863250184
263.7029198847601
263.766556485929
261.672409328773
257.5951622552629
251.52255434357565
243.62385163676882
234.0451818522312
223.07644361035935
211.10081129450782
198.4422201575977
185.10615985263885
171.97320233822842
159.14302623058543
146.77658601340295
134.02542850943775
121.46918896115494
115.08241231458562
102.6235612782628
90.70200340084651
79.4502308066408
68.98901355692516
59.42546853090795
50.8511283066793
43.34001004216674
36.94668435608526
31.704344208893872
27.62287378374819
24.686917367451684
22.85394823141283
22.052337512595955
22.179423094475226
23.09957848798794
24.64228171248965
26.600184176705795
28.727179559685055
30.736472691753562
32.29864843546926
33.0397405665731
32.53930065494393
30.328466945552066
25.88803323941309
